1.46741E+13
1.49106E+13
1.52772E+13
1.55946E+13
1.57105E+13
1.57184E+13
1.56566E+13
1.55724E+13
1.55611E+13
1.56344E+13
1.57092E+13
1.58510E+13
1.62005E+13
1.64915E+13
1.66079E+13
1.66816E+13
1.66450E+13
1.65585E+13
1.64799E+13
1.63791E+13
1.62864E+13
1.62194E+13
1.61511E+13
1.61256E+13
1.61038E+13
1.60753E+13
1.59308E+13
1.56656E+13
1.53499E+13
1.48693E+13
1.40976E+13
1.27466E+13
1.13832E+13
1.03124E+13
8.87535E+12
7.71422E+12
6.93498E+12
6.31442E+12
5.81681E+12
5.56239E+12
6.41370E+12
1.24193E+13
2.82820E+13
3.96338E+13
3.92678E+13
3.09691E+13
1.66277E+13
8.15238E+12
5.74819E+12
3.27536E+12
1.39226E+12
7.36152E+11
3.60067E+11
8.50731E+10
4.35162E+10
7.33032E+10
1.13130E+11
1.07278E+11
8.60548E+10
7.18658E+10
5.42547E+10
3.21278E+10
1.98743E+10
1.29118E+10
6.10759E+09
5.10404E+09
3.64526E+09
2.21223E+09
1.01979E+09
1.54104E+08
1.99666E+07
7.28317E+06
3.64043E+06
3.31006E+06
4.51011E+06
5.60205E+06
5.67072E+06
5.74117E+06
5.81321E+06
5.86190E+06
5.90975E+06
5.97943E+06
6.07904E+06
6.20046E+06
6.31918E+06
6.45290E+06
6.78770E+06
2.67840E+07
9.25081E+07
1.28669E+08
1.02090E+08
6.27775E+07
3.25502E+07
1.57141E+07
7.26328E+06
3.42415E+06
1.40184E+06
5.09590E+05
2.39355E+05
8.59932E+04
1.23235E+04
5.07867E+03
4.57276E+03
4.23437E+03
3.96131E+03
3.72990E+03
3.52346E+03
3.35035E+03
3.19437E+03
3.05132E+03
2.91802E+03
