2.13805E+14
2.15069E+14
2.21680E+14
2.30519E+14
2.33435E+14
2.32008E+14
2.28911E+14
2.25894E+14
2.25244E+14
2.26643E+14
2.27793E+14
2.29302E+14
2.36129E+14
2.43549E+14
2.47089E+14
2.48892E+14
2.47657E+14
2.44412E+14
2.40932E+14
2.37583E+14
2.35169E+14
2.34318E+14
2.35178E+14
2.37096E+14
2.38135E+14
2.38697E+14
2.37582E+14
2.34577E+14
2.29551E+14
2.21460E+14
2.11486E+14
1.91137E+14
1.67031E+14
1.50574E+14
1.31828E+14
1.14940E+14
1.01442E+14
9.07954E+13
8.35530E+13
7.36290E+13
6.15788E+13
4.72480E+13
3.21698E+13
2.24632E+13
1.68954E+13
9.65177E+12
4.03292E+12
2.00597E+12
1.48302E+12
9.02788E+11
4.30335E+11
2.68524E+11
2.26459E+11
1.98482E+11
1.53421E+11
1.02073E+11
7.21282E+10
4.57283E+10
2.88421E+10
2.34890E+10
1.76963E+10
1.07676E+10
7.05491E+09
4.70088E+09
2.38574E+09
1.97909E+09
1.43050E+09
9.34783E+08
7.90117E+08
7.62629E+08
6.94500E+08
6.10494E+08
5.21515E+08
4.32826E+08
3.74239E+08
3.55867E+08
3.53480E+08
3.51560E+08
3.50021E+08
3.49146E+08
3.48500E+08
3.47734E+08
3.47093E+08
3.46701E+08
3.46753E+08
3.47187E+08
3.32504E+08
2.92775E+08
1.98049E+08
9.53593E+07
3.84201E+07
1.47876E+07
5.94815E+06
2.76563E+06
1.33495E+06
6.97180E+05
3.65402E+05
1.92060E+05
1.42783E+05
1.06981E+05
6.08417E+04
3.54821E+04
3.33905E+04
3.16927E+04
3.02623E+04
2.90225E+04
2.79240E+04
2.69336E+04
2.60279E+04
2.51902E+04
2.44080E+04
