2.28479E+14
2.29980E+14
2.36957E+14
2.46113E+14
2.49146E+14
2.47726E+14
2.44568E+14
2.41466E+14
2.40806E+14
2.42277E+14
2.43502E+14
2.45153E+14
2.52329E+14
2.60040E+14
2.63697E+14
2.65574E+14
2.64302E+14
2.60970E+14
2.57412E+14
2.53962E+14
2.51456E+14
2.50537E+14
2.51329E+14
2.53222E+14
2.54239E+14
2.54773E+14
2.53513E+14
2.50243E+14
2.44901E+14
2.36329E+14
2.25583E+14
2.03884E+14
1.78414E+14
1.60887E+14
1.40703E+14
1.22654E+14
1.08377E+14
9.71098E+13
8.93699E+13
7.91914E+13
6.79925E+13
5.96672E+13
6.04518E+13
6.20970E+13
5.61632E+13
4.06209E+13
2.06606E+13
1.01584E+13
7.23122E+12
4.17815E+12
1.82260E+12
1.00468E+12
5.86526E+11
2.83556E+11
1.96937E+11
1.75376E+11
1.85258E+11
1.53006E+11
1.14897E+11
9.53548E+10
7.19510E+10
4.28954E+10
2.69292E+10
1.76126E+10
8.49333E+09
7.08313E+09
5.07576E+09
3.14701E+09
1.80991E+09
9.16732E+08
7.14466E+08
6.17778E+08
5.25155E+08
4.36136E+08
3.78749E+08
3.61469E+08
3.59151E+08
3.57302E+08
3.55834E+08
3.55007E+08
3.54410E+08
3.53714E+08
3.53172E+08
3.52901E+08
3.53072E+08
3.53640E+08
3.39292E+08
3.19559E+08
2.90557E+08
2.24028E+08
1.40510E+08
7.75651E+07
3.84983E+07
1.84797E+07
8.59823E+06
4.12133E+06
1.76724E+06
7.01650E+05
3.82138E+05
1.92974E+05
7.31652E+04
4.05608E+04
3.79633E+04
3.59271E+04
3.42236E+04
3.27524E+04
3.14475E+04
3.02839E+04
2.92222E+04
2.82415E+04
2.73261E+04
