2.285E+14
2.300E+14
2.370E+14
2.461E+14
2.491E+14
2.477E+14
2.446E+14
2.415E+14
2.408E+14
2.423E+14
2.435E+14
2.452E+14
2.523E+14
2.600E+14
2.637E+14
2.656E+14
2.643E+14
2.610E+14
2.574E+14
2.540E+14
2.515E+14
2.505E+14
2.513E+14
2.532E+14
2.542E+14
2.548E+14
2.535E+14
2.502E+14
2.449E+14
2.363E+14
2.256E+14
2.039E+14
1.784E+14
1.609E+14
1.407E+14
1.227E+14
1.084E+14
9.711E+13
8.937E+13
7.919E+13
6.799E+13
5.967E+13
6.045E+13
6.210E+13
5.616E+13
4.062E+13
2.066E+13
1.016E+13
7.231E+12
4.178E+12
1.823E+12
1.005E+12
5.865E+11
2.836E+11
1.969E+11
1.754E+11
1.853E+11
1.530E+11
1.149E+11
9.535E+10
7.195E+10
4.290E+10
2.693E+10
1.761E+10
8.493E+09
7.083E+09
5.076E+09
3.147E+09
1.810E+09
9.167E+08
7.145E+08
6.178E+08
5.252E+08
4.361E+08
3.787E+08
3.615E+08
3.592E+08
3.573E+08
3.558E+08
3.550E+08
3.544E+08
3.537E+08
3.532E+08
3.529E+08
3.531E+08
3.536E+08
3.393E+08
3.196E+08
2.906E+08
2.240E+08
1.405E+08
7.757E+07
3.850E+07
1.848E+07
8.598E+06
4.121E+06
1.767E+06
7.016E+05
3.821E+05
1.930E+05
7.317E+04
4.056E+04
3.796E+04
3.593E+04
3.422E+04
3.275E+04
3.145E+04
3.028E+04
2.922E+04
2.824E+04
2.733E+04
